# R script for Peak Model
#  -- generated by MACS
p <- c(0.06415011126034922,0.07016418419100695,0.07617825712166469,0.08018763907543652,0.092215784936752,0.09822985786740975,0.10023454884429565,0.09622516689052382,0.10223923982118156,0.092215784936752,0.08820640298298017,0.09422047591363791,0.09822985786740975,0.1062486217749534,0.1062486217749534,0.09622516689052382,0.09422047591363791,0.09622516689052382,0.08419702102920834,0.08419702102920834,0.08219233005232243,0.07417356614477878,0.07417356614477878,0.08018763907543652,0.07818294809855061,0.08820640298298017,0.08620171200609426,0.08620171200609426,0.092215784936752,0.09622516689052382,0.10023454884429565,0.11025800372872521,0.11426738568249704,0.11226269470561114,0.11627207665938295,0.10424393079806747,0.11226269470561114,0.11226269470561114,0.11025800372872521,0.11426738568249704,0.1062486217749534,0.09822985786740975,0.09422047591363791,0.08820640298298017,0.08419702102920834,0.08620171200609426,0.07818294809855061,0.07818294809855061,0.07617825712166469,0.07818294809855061,0.08620171200609426,0.09021109395986608,0.08620171200609426,0.08219233005232243,0.08219233005232243,0.09021109395986608,0.09422047591363791,0.09822985786740975,0.10223923982118156,0.092215784936752,0.09021109395986608,0.09422047591363791,0.09622516689052382,0.10223923982118156,0.1062486217749534,0.10023454884429565,0.09622516689052382,0.09422047591363791,0.09422047591363791,0.09021109395986608,0.08820640298298017,0.07617825712166469,0.07818294809855061,0.07016418419100695,0.07016418419100695,0.07617825712166469,0.07617825712166469,0.07818294809855061,0.08018763907543652,0.08219233005232243,0.07617825712166469,0.08219233005232243,0.08419702102920834,0.08620171200609426,0.08018763907543652,0.08219233005232243,0.08820640298298017,0.08620171200609426,0.08018763907543652,0.08419702102920834,0.08820640298298017,0.08820640298298017,0.08419702102920834,0.08018763907543652,0.07818294809855061,0.07417356614477878,0.07216887516789287,0.07016418419100695,0.07417356614477878,0.07417356614477878,0.07818294809855061,0.08620171200609426,0.08620171200609426,0.08820640298298017,0.08620171200609426,0.08620171200609426,0.08419702102920834,0.08419702102920834,0.08018763907543652,0.07818294809855061,0.06615480223723513,0.058136038329691477,0.05613134735280557,0.05412665637591965,0.06815949321412104,0.06615480223723513,0.06014072930657739,0.05412665637591965,0.05412665637591965,0.05412665637591965,0.06615480223723513,0.07016418419100695,0.07016418419100695,0.07417356614477878,0.0621454202834633,0.06014072930657739,0.07417356614477878,0.07617825712166469,0.07417356614477878,0.07417356614477878,0.06815949321412104,0.06014072930657739,0.06014072930657739,0.05613134735280557,0.05613134735280557,0.058136038329691477,0.044103201491490086,0.04811258344526191,0.05613134735280557,0.05412665637591965,0.05412665637591965,0.06415011126034922,0.06014072930657739,0.0621454202834633,0.058136038329691477,0.05412665637591965,0.058136038329691477,0.052121965399033736,0.04811258344526191,0.04811258344526191,0.044103201491490086,0.03207505563017461,0.04009381953771826,0.04009381953771826,0.04209851051460417,0.04009381953771826,0.044103201491490086,0.046107892468376,0.046107892468376,0.04811258344526191,0.052121965399033736,0.05412665637591965,0.046107892468376,0.05011727442214783,0.052121965399033736,0.06014072930657739,0.0621454202834633,0.06415011126034922,0.06615480223723513,0.07216887516789287,0.07216887516789287,0.07216887516789287,0.07617825712166469,0.07617825712166469,0.07818294809855061,0.07016418419100695,0.06615480223723513,0.07016418419100695,0.06615480223723513,0.058136038329691477,0.06014072930657739,0.06415011126034922,0.06815949321412104,0.07016418419100695,0.07216887516789287,0.07417356614477878,0.07417356614477878,0.07417356614477878,0.07417356614477878,0.07617825712166469,0.07417356614477878,0.07417356614477878,0.07417356614477878,0.06415011126034922,0.06014072930657739,0.06014072930657739,0.058136038329691477,0.05011727442214783,0.05412665637591965,0.052121965399033736,0.05412665637591965,0.05011727442214783,0.05011727442214783,0.058136038329691477,0.05412665637591965,0.05412665637591965,0.05613134735280557,0.06415011126034922,0.06014072930657739,0.06014072930657739,0.06415011126034922,0.0621454202834633,0.058136038329691477,0.05613134735280557,0.058136038329691477,0.06014072930657739,0.06415011126034922,0.0621454202834633,0.06415011126034922,0.0621454202834633,0.052121965399033736,0.058136038329691477,0.058136038329691477,0.052121965399033736,0.06014072930657739,0.06014072930657739,0.05412665637591965,0.052121965399033736,0.05613134735280557,0.058136038329691477,0.06014072930657739,0.058136038329691477,0.05613134735280557,0.058136038329691477,0.05011727442214783,0.05412665637591965,0.05412665637591965,0.05011727442214783,0.044103201491490086,0.04209851051460417,0.04009381953771826,0.04209851051460417,0.04811258344526191,0.052121965399033736,0.052121965399033736,0.04811258344526191,0.05011727442214783,0.05011727442214783,0.05011727442214783,0.04811258344526191,0.058136038329691477,0.05613134735280557,0.052121965399033736,0.052121965399033736,0.05011727442214783,0.052121965399033736,0.05011727442214783,0.05613134735280557,0.058136038329691477,0.06615480223723513,0.058136038329691477,0.05613134735280557,0.05412665637591965,0.05011727442214783,0.05011727442214783,0.04811258344526191,0.05011727442214783,0.05011727442214783,0.05011727442214783,0.05412665637591965,0.058136038329691477,0.05613134735280557,0.05613134735280557,0.058136038329691477,0.06014072930657739,0.06415011126034922,0.0621454202834633,0.06014072930657739,0.05613134735280557,0.05613134735280557,0.05412665637591965,0.05613134735280557,0.06014072930657739,0.058136038329691477,0.05412665637591965,0.05011727442214783,0.04811258344526191,0.052121965399033736,0.058136038329691477,0.05011727442214783,0.05011727442214783,0.04811258344526191,0.04811258344526191,0.05011727442214783,0.05412665637591965,0.05011727442214783,0.05613134735280557,0.05412665637591965,0.04811258344526191,0.044103201491490086,0.046107892468376,0.058136038329691477,0.0621454202834633,0.07016418419100695,0.08219233005232243,0.09822985786740975,0.11226269470561114,0.13230960447447027,0.15235651424332938,0.16839404205841668,0.17841749694284625,0.17841749694284625,0.184431569873504,0.20247378866547722,0.21049255257302088,0.20648317061924903,0.20447847964236313,0.1964597157348195,0.1984644067117054,0.2004690976885913,0.20247378866547722,0.20848786159613494,0.20648317061924903,0.19245033378104764,0.19245033378104764,0.20447847964236313,0.20848786159613494,0.2124972435499068,0.20648317061924903,0.20447847964236313,0.20648317061924903,0.20648317061924903,0.20848786159613494,0.2165066255036786,0.20848786159613494,0.19044564280416174,0.19245033378104764,0.19044564280416174,0.19245033378104764,0.19245033378104764,0.19245033378104764,0.19245033378104764,0.19044564280416174,0.18042218791973216,0.184431569873504,0.19044564280416174,0.18643626085038992,0.17841749694284625,0.17641280596596035,0.17641280596596035,0.16638935108153077,0.16438466010464486,0.1824268788966181,0.18643626085038992,0.18042218791973216,0.184431569873504,0.17641280596596035,0.17841749694284625,0.17440811498907444,0.17641280596596035,0.18042218791973216,0.1824268788966181,0.17440811498907444,0.17841749694284625,0.1984644067117054,0.19245033378104764,0.20247378866547722,0.20447847964236313,0.1964597157348195,0.20648317061924903,0.20848786159613494,0.1964597157348195,0.19245033378104764,0.1964597157348195,0.18643626085038992,0.18643626085038992,0.17240342401218853,0.17240342401218853,0.1824268788966181,0.16839404205841668,0.16237996912775896,0.17841749694284625,0.17240342401218853,0.16237996912775896,0.15235651424332938,0.1543612052202153,0.16839404205841668,0.17440811498907444,0.17440811498907444,0.17841749694284625,0.18042218791973216,0.17240342401218853,0.1824268788966181,0.18643626085038992,0.18643626085038992,0.19044564280416174,0.1824268788966181,